data[0] = 20.330000
data[1] = 80.529999
data[2] = 99.989998
data[3] = 40.349998
data[4] = 85.949997
